1000;
;1;;2;
0.95;192.329;133.24;191.97;144.39;
0.97;191.018;224.51;189.919;242.99;
0.997;180.29;2278.29;179.819;2472.25;


10000;
;1;;2;
0.95;192.787;148.02;191.194;160.7;
0.97;190.811;249.68;188.198;270.85;
0.997;180.234;2534.46;179.914;2755.49;


100000;
;1;;2;
0.95;192.137;163.29;190.588;177.72;
0.97;189.098;274.99;188.752;298.52;
0.997;178.596;2788.64;178.518;3025.26;




159
;1;0;1;1;2;0;2;1;
5;26.7683;62.96;21.5699;62.91;29.3051;67.49;23.1487;67.72;
;1;0;1;1;2;0;2;1;
20;26.2552;63.16;21.3997;63.08;29.097;67.56;22.7017;67.8;
;1;0;1;1;2;0;2;1;
50;26.1984;62.9;22.0109;62.98;29.2721;67.48;23.7748;67.67;
100
;1;0;1;1;2;0;2;1;
5;25.9874;39.6;23.9846;39.59;28.7661;42.56;25.1636;42.59;
;1;0;1;1;2;0;2;1;
20;26.5072;39.5;23.4001;39.66;29.8456;42.45;25.1667;42.66;
;1;0;1;1;2;0;2;1;
50;26.8142;39.56;23.6794;39.73;29.5076;42.54;25.8196;42.74;
1000
;1;0;1;1;2;0;2;1;
5;27.0608;395.92;18.5079;397.61;29.4514;425.34;18.42;425.3;
;1;0;1;1;2;0;2;1;
20;25.9499;397.14;18.4686;397.16;29.8923;425.13;18.587;426.18;
;1;0;1;1;2;0;2;1;
50;26.6042;396.26;18.5283;399.1;29.6876;425.69;18.6714;425.63;
10000
;1;0;1;1;2;0;2;1;
5;26.8576;3970.47;17.8335;3932.77;29.498;4262.48;17.8436;4218.28;
;1;0;1;1;2;0;2;1;
20;25.4188;3978.88;17.8371;3929.46;28.9706;4253.54;17.8465;4216.49;
;1;0;1;1;2;0;2;1;
50;26.6271;3982.57;17.8364;3931.81;28.7846;4253.38;17.8479;4241.59;
