1000;
;1;;2;
0.95;147.222;47.12;146.937;50.99;
0.97;145.075;79.01;144.748;85.91;
0.997;132.954;803.09;133.432;882.86;


10000;
;1;;2;
0.95;146.113;52.03;146.84;56.45;
0.97;143.364;87.99;144.125;95.64;
0.997;132.521;894.32;132.701;973.04;


100000;
;1;;2;
0.95;146.456;57.25;146.124;62.18;
0.97;143.042;96.95;143.262;105.47;
0.997;132.229;985.79;132.286;1072.71;




102
;1;0;1;1;2;0;2;1;
5;26.9121;12.48;24.0995;12.4;27.3795;13;22.7092;13;
;1;0;1;1;2;0;2;1;
20;27.563;12.56;23.6602;12.37;26.9347;13.01;22.584;13.01;
;1;0;1;1;2;0;2;1;
50;27.7551;12.41;23.818;12.41;26.7037;13;23.4409;13;
100
;1;0;1;1;2;0;2;1;
5;26.9946;12;23.7037;12.01;27.2325;12.96;23.8227;13;
;1;0;1;1;2;0;2;1;
20;27.9036;12.02;23.007;12;28.0498;12.92;23.1625;13;
;1;0;1;1;2;0;2;1;
50;26.9222;12.01;23.9938;12.02;27.1649;12.96;23.0148;13;
1000
;1;0;1;1;2;0;2;1;
5;27.2706;125.15;17.374;125.44;27.9852;131.34;17.3009;131.33;
;1;0;1;1;2;0;2;1;
20;26.8235;125.26;17.563;125.55;27.7387;131.54;17.3297;131.6;
;1;0;1;1;2;0;2;1;
50;27.6936;125.52;17.584;125.6;27.3865;131.43;17.2838;131.47;
10000
;1;0;1;1;2;0;2;1;
5;26.5933;1258.15;16.7955;1236.41;27.0459;1320.89;17.0257;1292.99;
;1;0;1;1;2;0;2;1;
20;27.6135;1258.93;16.8157;1236.26;26.3935;1316.95;17.091;1294.52;
;1;0;1;1;2;0;2;1;
50;27.2263;1261.96;16.5218;1236.47;26.318;1316.49;17.105;1293.29;
