1000;
;1;;2;
0.95;54.3846;9.41;58.1538;10.02;
0.97;50.7436;16.04;51;18.32;
0.997;26.2564;166.07;28.9231;179.52;


10000;
;1;;2;
0.95;52.7179;10;53.9744;11.03;
0.97;48.0769;18;50.0513;19.03;
0.997;26.8974;182.85;27.5897;200.54;


100000;
;1;;2;
0.95;49.2564;11.02;53;12.51;
0.97;45.4359;19.1;48.6667;21.05;
0.997;25.7692;201.76;25.5128;221.69;




51
;1;0;1;1;2;0;2;1;
5;12.5641;1;10.5641;1;0;1;0;1;
;1;0;1;1;2;0;2;1;
20;8.97436;1;9.30769;1;0;1;0;1;
;1;0;1;1;2;0;2;1;
50;10.7949;1;6.5641;1;0;1;0;1;
100
;1;0;1;1;2;0;2;1;
5;8.33333;2;2.76923;2;0;2;0;2;
;1;0;1;1;2;0;2;1;
20;11.6154;2;2.71795;2;0;2;0;2;
;1;0;1;1;2;0;2;1;
50;6.33333;2;2.87179;2;0;2;0;2;
1000
;1;0;1;1;2;0;2;1;
5;10.1538;20.92;0;21;0;20.18;0;20.03;
;1;0;1;1;2;0;2;1;
20;13.3333;20.9;0;21;0;20.14;0;20.03;
;1;0;1;1;2;0;2;1;
50;10.8974;20.91;0;21.01;0;20.25;0;20.06;
10000
;1;0;1;1;2;0;2;1;
5;8.97436;213.43;0;210.27;0;207.13;0;207.29;
;1;0;1;1;2;0;2;1;
20;10.7692;212.99;0;210.62;0;206.62;0;204.64;
;1;0;1;1;2;0;2;1;
50;9.12821;212.8;0;210.92;0;206.71;0;205.06;
