1000;
;1;;2;
0.95;712.24;3478.99;713.083;3473.73;
0.97;709.635;5575.36;708.301;6039.65;
0.997;695.74;52003.7;695.271;47702.2;


10000;
;1;;2;
0.95;713.004;2941.85;711.908;3151.33;
0.97;708.581;4927.63;707.291;5219.81;
0.997;695.343;57143.4;694.45;63289.3;


100000;
;1;;2;
0.95;710.607;3059.84;711.53;3249.29;
0.97;708.111;5148.43;705.992;5462.45;
0.997;695.531;52174;692.951;55404.5;




513
;1;0;1;1;2;0;2;1;
5;36.3194;4918.67;28.7372;4924.03;42.5858;5476.48;33.416;5500.46;
;1;0;1;1;2;0;2;1;
20;36.4592;5454.88;29.6279;6243.04;42.7826;5499.16;33.3862;5516.08;
;1;0;1;1;2;0;2;1;
50;36.0828;4932.63;29.2748;4932.16;43.1252;5493.83;33.6207;5532.4;
100
;1;0;1;1;2;0;2;1;
5;35.5931;973.83;34.2287;970.3;42.4501;1081.07;38.7869;1082.36;
;1;0;1;1;2;0;2;1;
20;36.6719;971.23;33.7829;973.21;43.4584;1082.39;39.506;1083.2;
;1;0;1;1;2;0;2;1;
50;35.9666;967.35;32.8824;967.22;40.6664;1074.5;39.1927;1091.71;
1000
;1;0;1;1;2;0;2;1;
5;35.9223;9613.28;27.3648;9563.28;42.5797;10665.6;31.5808;10721.8;
;1;0;1;1;2;0;2;1;
20;36.3238;9603.57;26.9793;9590.39;41.8091;10667.7;31.6722;10722.7;
;1;0;1;1;2;0;2;1;
50;35.7114;9642.65;27.0105;9614.63;42.5299;10965.4;31.8675;10752.3;
10000
;1;0;1;1;2;0;2;1;
